eng neon=703.43586 assigned neon=703.44765, wlaser=776.37241

residuals x 1000
      3.24     3.49     3.18         7   4   1
      3.25     4.87     3.57         8   5   2
      2.63     3.23     3.18         9   6   3
met laser residuals, ppm
     24.47     2.58   -23.18         7   4   1
     25.12     4.51   -25.12         8   5   2
     21.90     0.64   -25.76         9   6   3
met laser relative, ppm
     19.96    -1.93   -27.69         7   4   1
     20.61     0.00   -29.62         8   5   2
     17.39    -3.86   -30.27         9   6   3
 FOV   "a"       "b"     dmin     wmin      wfov
  1   1.001    0.0075   0.0032   -23.18   776.3544 
  2   1.001    0.0083   0.0036   -25.12   776.3529 
  3   1.004    0.0057   0.0032   -25.76   776.3524 
  4   1.000    0.0090   0.0035     2.58   776.3744 
  5   0.995    0.0148   0.0049     4.51   776.3759 
  6   1.000    0.0098   0.0032     0.64   776.3729 
  7   0.998    0.0102   0.0032    24.47   776.3914 
  8   0.996    0.0110   0.0032    25.12   776.3919 
  9   0.996    0.0121   0.0026    21.90   776.3894 
