eng neon=703.43586 assigned neon=703.44765, wlaser=775.73220

residuals x 1000
      1.89     3.27     2.79         7   4   1
      2.65     4.53     3.01         8   5   2
      1.76     3.17     2.66         9   6   3
met laser residuals, ppm
     28.36     5.80   -19.98         7   4   1
     28.36     8.38   -20.63         8   5   2
     25.78     4.51   -23.85         9   6   3
met laser relative, ppm
     19.98    -2.58   -28.36         7   4   1
     19.98     0.00   -29.00         8   5   2
     17.40    -3.87   -32.23         9   6   3
 FOV   "a"       "b"     dmin     wmin      wfov
  1   0.995    0.0087   0.0028   -19.98   775.7167 
  2   0.994    0.0099   0.0030   -20.63   775.7162 
  3   0.996    0.0080   0.0027   -23.85   775.7137 
  4   0.993    0.0101   0.0033     5.80   775.7367 
  5   0.983    0.0197   0.0045     8.38   775.7387 
  6   0.997    0.0069   0.0032     4.51   775.7357 
  7   0.991    0.0104   0.0019    28.36   775.7542 
  8   0.988    0.0143   0.0027    28.36   775.7542 
  9   0.990    0.0123   0.0018    25.78   775.7522 
