eng neon=703.43586 assigned neon=703.44765, wlaser=774.23259

residuals x 1000
      3.78     4.08     4.88         7   4   1
      4.00     3.50     4.64         8   5   2
      4.22     3.88     4.82         9   6   3
met laser residuals, ppm
     26.48     3.23   -18.73         7   4   1
     27.12     2.58   -21.31         8   5   2
     29.06     3.87   -20.02         9   6   3
met laser relative, ppm
     23.89     0.65   -21.31         7   4   1
     24.54     0.00   -23.89         8   5   2
     26.48     1.29   -22.60         9   6   3
 FOV   "a"       "b"     dmin     wmin      wfov
  1   0.970    0.0310   0.0049   -18.73   774.2181 
  2   0.975    0.0265   0.0046   -21.31   774.2161 
  3   0.974    0.0279   0.0048   -20.02   774.2171 
  4   0.962    0.0382   0.0041     3.23   774.2351 
  5   0.956    0.0438   0.0035     2.58   774.2346 
  6   0.961    0.0397   0.0039     3.87   774.2356 
  7   0.944    0.0554   0.0038    26.48   774.2531 
  8   0.948    0.0511   0.0040    27.12   774.2536 
  9   0.941    0.0581   0.0042    29.06   774.2551 
