eng neon=703.43586 assigned neon=703.44765, wlaser=774.23259

residuals x 1000
      6.00     7.48     7.01         7   4   1
      7.40     5.87     7.64         8   5   2
      6.19     7.43     7.08         9   6   3
met laser residuals, ppm
     27.12     3.87   -18.73         7   4   1
     27.77     2.58   -20.67         8   5   2
     29.71     4.52   -19.37         9   6   3
met laser relative, ppm
     24.54     1.29   -21.31         7   4   1
     25.19     0.00   -23.25         8   5   2
     27.12     1.94   -21.96         9   6   3
 FOV   "a"       "b"     dmin     wmin      wfov
  1   0.981    0.0282   0.0070   -18.73   774.2181 
  2   0.984    0.0248   0.0076   -20.67   774.2166 
  3   0.986    0.0260   0.0071   -19.37   774.2176 
  4   0.960    0.0369   0.0075     3.87   774.2356 
  5   0.955    0.0420   0.0059     2.58   774.2346 
  6   0.963    0.0382   0.0074     4.52   774.2361 
  7   0.935    0.0544   0.0060    27.12   774.2536 
  8   0.942    0.0504   0.0074    27.77   774.2541 
  9   0.938    0.0564   0.0062    29.71   774.2556 
