eng neon=703.43586 assigned neon=703.44765, wlaser=774.23241

residuals x 1000
      2.89     2.82     3.15         7   4   1
      2.56     3.55     3.05         8   5   2
      2.54     2.88     3.17         9   6   3
met laser residuals, ppm
     23.89     1.29   -21.96         7   4   1
     24.54     5.81   -22.60         8   5   2
     23.25     3.23   -23.25         9   6   3
met laser relative, ppm
     18.08    -4.52   -27.77         7   4   1
     18.73     0.00   -28.42         8   5   2
     17.44    -2.58   -29.06         9   6   3
 FOV   "a"       "b"     dmin     wmin      wfov
  1   0.975    0.0247   0.0031   -21.96   774.2154 
  2   0.980    0.0214   0.0030   -22.60   774.2149 
  3   0.979    0.0213   0.0032   -23.25   774.2144 
  4   0.978    0.0220   0.0028     1.29   774.2334 
  5   0.968    0.0319   0.0035     5.81   774.2369 
  6   0.980    0.0212   0.0029     3.23   774.2349 
  7   0.979    0.0205   0.0029    23.89   774.2509 
  8   0.975    0.0245   0.0026    24.54   774.2514 
  9   0.971    0.0272   0.0025    23.25   774.2504 
