eng neon=703.43586 assigned neon=703.44765, wlaser=773.13332

residuals x 1000
      4.50     3.50     4.33         7   4   1
      4.29     5.40     3.21         8   5   2
      3.49     4.37     2.66         9   6   3
met laser residuals, ppm
     20.05    -1.94   -25.22         7   4   1
     21.34     3.88   -23.93         8   5   2
     23.28     1.94   -23.93         9   6   3
met laser relative, ppm
     16.17    -5.82   -29.10         7   4   1
     17.46     0.00   -27.81         8   5   2
     19.40    -1.94   -27.81         9   6   3
 FOV   "a"       "b"     dmin     wmin      wfov
  1   1.056   -0.0731   0.0043   -25.22   773.1138 
  2   1.073   -0.0859   0.0032   -23.93   773.1148 
  3   1.076   -0.0875   0.0027   -23.93   773.1148 
  4   1.076   -0.0881   0.0035    -1.94   773.1318 
  5   1.054   -0.0652   0.0054     3.88   773.1363 
  6   1.070   -0.0800   0.0044     1.94   773.1348 
  7   1.063   -0.0765   0.0045    20.05   773.1488 
  8   1.066   -0.0742   0.0043    21.34   773.1498 
  9   1.069   -0.0785   0.0035    23.28   773.1513 
