eng neon=703.43586 assigned neon=703.44765, wlaser=774.23254

residuals x 1000
      8.03     8.21     7.93         7   4   1
      8.33     7.92     8.17         8   5   2
      8.03     8.23     7.98         9   6   3
met laser residuals, ppm
     23.25     1.94   -21.31         7   4   1
     23.89     2.58   -21.96         8   5   2
     25.83     3.23   -20.67         9   6   3
met laser relative, ppm
     20.67    -0.65   -23.89         7   4   1
     21.31     0.00   -24.54         8   5   2
     23.25     0.65   -23.25         9   6   3
 FOV   "a"       "b"     dmin     wmin      wfov
  1   0.999    0.0006   0.0079   -21.31   774.2160 
  2   1.000   -0.0008   0.0082   -21.96   774.2155 
  3   0.999   -0.0002   0.0080   -20.67   774.2165 
  4   0.998    0.0029   0.0082     1.94   774.2340 
  5   0.996    0.0034   0.0079     2.58   774.2345 
  6   0.999    0.0005   0.0082     3.23   774.2350 
  7   0.997    0.0045   0.0080    23.25   774.2505 
  8   0.997    0.0041   0.0083    23.89   774.2510 
  9   0.993    0.0059   0.0080    25.83   774.2525 
