eng neon=703.43586 assigned neon=703.44765, wlaser=773.13338

residuals x 1000
      7.71     7.74     7.58         7   4   1
      7.88     7.65     7.70         8   5   2
      7.72     7.76     7.65         9   6   3
met laser residuals, ppm
     21.99     1.29   -21.34         7   4   1
     23.93     2.59   -21.34         8   5   2
     27.81     4.53   -18.11         9   6   3
met laser relative, ppm
     19.40    -1.29   -23.93         7   4   1
     21.34     0.00   -23.93         8   5   2
     25.22     1.94   -20.70         9   6   3
 FOV   "a"       "b"     dmin     wmin      wfov
  1   0.988    0.0139   0.0076   -21.34   773.1169 
  2   0.990    0.0123   0.0077   -21.34   773.1169 
  3   0.989    0.0134   0.0076   -18.11   773.1194 
  4   0.985    0.0163   0.0077     1.29   773.1344 
  5   0.984    0.0168   0.0077     2.59   773.1354 
  6   0.988    0.0141   0.0078     4.53   773.1369 
  7   0.984    0.0170   0.0077    21.99   773.1504 
  8   0.984    0.0172   0.0079    23.93   773.1519 
  9   0.982    0.0194   0.0077    27.81   773.1549 
