eng neon=703.43586 assigned neon=703.44765, wlaser=773.94286

residuals x 1000
      2.69     2.58     2.54         7   4   1
      2.58     3.90     2.97         8   5   2
      2.63     3.42     2.74         9   6   3
met laser residuals, ppm
     20.03    -0.65   -25.20         7   4   1
     23.26     3.23   -22.61         8   5   2
     23.90     3.23   -23.26         9   6   3
met laser relative, ppm
     16.80    -3.88   -28.43         7   4   1
     20.03     0.00   -25.84         8   5   2
     20.67     0.00   -26.49         9   6   3
 FOV   "a"       "b"     dmin     wmin      wfov
  1   0.981    0.0090   0.0025   -25.20   773.9234 
  2   0.981    0.0104   0.0030   -22.61   773.9254 
  3   0.988    0.0049   0.0027   -23.26   773.9249 
  4   0.985    0.0067   0.0026    -0.65   773.9424 
  5   0.969    0.0226   0.0039     3.23   773.9454 
  6   0.992    0.0031   0.0034     3.23   773.9454 
  7   0.988    0.0045   0.0027    20.03   773.9584 
  8   0.985    0.0091   0.0026    23.26   773.9609 
  9   0.993    0.0027   0.0026    23.90   773.9614 
