eng neon=703.43586 assigned neon=703.44765, wlaser=775.73301

residuals x 1000
     10.51    11.08    12.45         7   4   1
     10.66    10.01    11.31         8   5   2
      9.99    10.28    11.87         9   6   3
met laser residuals, ppm
     32.23     7.09   -16.11         7   4   1
     30.94     5.80   -19.34         8   5   2
     32.23     5.80   -19.34         9   6   3
met laser relative, ppm
     26.43     1.29   -21.91         7   4   1
     25.14     0.00   -25.14         8   5   2
     26.43     0.00   -25.14         9   6   3
 FOV   "a"       "b"     dmin     wmin      wfov
  1   1.027    0.0025   0.0124   -16.11   775.7205 
  2   1.034   -0.0033   0.0113   -19.34   775.7180 
  3   1.040   -0.0051   0.0119   -19.34   775.7180 
  4   1.011    0.0146   0.0111     7.09   775.7385 
  5   1.006    0.0175   0.0100     5.80   775.7375 
  6   1.017    0.0095   0.0103     5.80   775.7375 
  7   1.000    0.0294   0.0105    32.23   775.7580 
  8   1.005    0.0240   0.0107    30.94   775.7570 
  9   0.998    0.0287   0.0100    32.23   775.7580 
