eng neon=703.43586 assigned neon=703.44765, wlaser=773.13332

residuals x 1000
      4.34     3.45     4.31         7   4   1
      4.23     5.28     3.41         8   5   2
      3.70     4.14     2.58         9   6   3
met laser residuals, ppm
     20.70    -1.29   -25.22         7   4   1
     21.99     4.53   -24.58         8   5   2
     23.93     2.59   -23.93         9   6   3
met laser relative, ppm
     16.17    -5.82   -29.75         7   4   1
     17.46     0.00   -29.10         8   5   2
     19.40    -1.94   -28.46         9   6   3
 FOV   "a"       "b"     dmin     wmin      wfov
  1   1.058   -0.0748   0.0043   -25.22   773.1138 
  2   1.073   -0.0848   0.0034   -24.58   773.1143 
  3   1.075   -0.0853   0.0026   -23.93   773.1148 
  4   1.076   -0.0893   0.0034    -1.29   773.1323 
  5   1.054   -0.0673   0.0053     4.53   773.1368 
  6   1.070   -0.0800   0.0041     2.59   773.1353 
  7   1.061   -0.0764   0.0043    20.70   773.1493 
  8   1.065   -0.0761   0.0042    21.99   773.1503 
  9   1.067   -0.0781   0.0037    23.93   773.1518 
