eng neon=703.43586 assigned neon=703.44765, wlaser=773.94286

residuals x 1000
      2.76     2.33     2.66         7   4   1
      2.60     3.73     2.87         8   5   2
      2.39     3.53     2.68         9   6   3
met laser residuals, ppm
     19.38    -0.65   -25.20         7   4   1
     23.26     3.23   -23.26         8   5   2
     23.26     3.23   -23.26         9   6   3
met laser relative, ppm
     16.15    -3.88   -28.43         7   4   1
     20.03     0.00   -26.49         8   5   2
     20.03     0.00   -26.49         9   6   3
 FOV   "a"       "b"     dmin     wmin      wfov
  1   0.981    0.0095   0.0027   -25.20   773.9234 
  2   0.982    0.0103   0.0029   -23.26   773.9249 
  3   0.991    0.0022   0.0027   -23.26   773.9249 
  4   0.985    0.0062   0.0023    -0.65   773.9424 
  5   0.970    0.0222   0.0037     3.23   773.9454 
  6   0.992    0.0027   0.0035     3.23   773.9454 
  7   0.989    0.0036   0.0028    19.38   773.9579 
  8   0.984    0.0107   0.0026    23.26   773.9609 
  9   0.994    0.0017   0.0024    23.26   773.9609 
