eng neon=703.43586 assigned neon=703.44765, wlaser=773.13342

residuals x 1000
      5.50     6.89     6.15         7   4   1
      6.74     5.52     7.08         8   5   2
      5.63     6.83     6.26         9   6   3
met laser residuals, ppm
     26.52     2.59   -19.40         7   4   1
     28.46     3.23   -20.70         8   5   2
     31.69     5.82   -18.11         9   6   3
met laser relative, ppm
     23.28    -0.65   -22.64         7   4   1
     25.22     0.00   -23.93         8   5   2
     28.46     2.59   -21.34         9   6   3
 FOV   "a"       "b"     dmin     wmin      wfov
  1   0.989   -0.0008   0.0061   -19.40   773.1184 
  2   1.001   -0.0061   0.0071   -20.70   773.1174 
  3   1.005   -0.0038   0.0063   -18.11   773.1194 
  4   0.990    0.0078   0.0069     2.59   773.1354 
  5   0.993    0.0104   0.0055     3.23   773.1359 
  6   1.003    0.0062   0.0068     5.82   773.1379 
  7   0.984    0.0240   0.0055    26.52   773.1539 
  8   0.993    0.0190   0.0067    28.46   773.1554 
  9   0.992    0.0255   0.0056    31.69   773.1579 
