eng neon=703.43586 assigned neon=703.44765, wlaser=775.15875

residuals x 1000
      1.92     3.00     1.83         7   4   1
      2.70     4.18     2.71         8   5   2
      2.17     3.43     2.31         9   6   3
met laser residuals, ppm
     21.29     0.65   -24.51         7   4   1
     23.87     4.52   -23.87         8   5   2
     23.22     2.58   -25.16         9   6   3
met laser relative, ppm
     16.77    -3.87   -29.03         7   4   1
     19.35     0.00   -28.38         8   5   2
     18.71    -1.94   -29.67         9   6   3
 FOV   "a"       "b"     dmin     wmin      wfov
  1   0.986    0.0130   0.0018   -24.51   775.1397 
  2   0.983    0.0159   0.0027   -23.87   775.1402 
  3   0.987    0.0125   0.0023   -25.16   775.1392 
  4   0.987    0.0118   0.0030     0.65   775.1592 
  5   0.984    0.0158   0.0042     4.52   775.1622 
  6   0.990    0.0110   0.0034     2.58   775.1607 
  7   0.985    0.0136   0.0019    21.29   775.1752 
  8   0.981    0.0163   0.0027    23.87   775.1772 
  9   0.985    0.0133   0.0022    23.22   775.1767 
