eng neon=703.43586 assigned neon=703.44765, wlaser=775.73254

residuals x 1000
      8.73     9.05     8.68         7   4   1
      9.04     8.39     9.10         8   5   2
      8.72     9.05     8.82         9   6   3
met laser residuals, ppm
     28.36     6.45   -18.69         7   4   1
     27.72     5.16   -21.27         8   5   2
     27.07     3.22   -22.56         9   6   3
met laser relative, ppm
     23.20     1.29   -23.85         7   4   1
     22.56     0.00   -26.43         8   5   2
     21.91    -1.93   -27.72         9   6   3
 FOV   "a"       "b"     dmin     wmin      wfov
  1   0.998   -0.0000   0.0087   -18.69   775.7180 
  2   1.000   -0.0013   0.0091   -21.27   775.7160 
  3   1.001   -0.0024   0.0088   -22.56   775.7150 
  4   0.996    0.0023   0.0090     6.45   775.7375 
  5   0.996    0.0022   0.0084     5.16   775.7365 
  6   0.999   -0.0009   0.0091     3.22   775.7350 
  7   0.993    0.0051   0.0087    28.36   775.7545 
  8   0.994    0.0038   0.0090    27.72   775.7540 
  9   0.993    0.0047   0.0087    27.07   775.7535 
